image: /home/hiroya/Desktop/taitai.pgm
resolution: 0.050000
origin: [-167.200000, -160.800000, 0.000000]
negate: 0
occupied_thresh: 0.65
free_thresh: 0.196

